       R              V     % Error        VdVdR      dPdR/ROH         g_TOT         g_RAD        g_ELEC     Gamma  Depth
 33589.104721   1.5085E+03   196.50    3.5487E-01   -3.5350E-03   -4.6103E-02    1.2714E-02    4.1859E-03     0.22      1
 33226.956746   1.5084E+03   196.54    3.6285E-01   -3.5802E-03   -4.7048E-02    1.3058E-02    4.3032E-03     0.22      2
 32513.920001   1.5082E+03   196.60    3.7913E-01   -3.6717E-03   -4.8996E-02    1.3776E-02    4.5404E-03     0.22      3
 31134.385157   1.5079E+03   196.71    4.1473E-01   -3.8775E-03   -5.3207E-02    1.5250E-02    5.0721E-03     0.22      4
 28546.817493   1.5071E+03   196.91    5.0010E-01   -4.3826E-03   -6.2741E-02    1.8689E-02    6.3820E-03     0.23      5
 23995.032499   1.5053E+03   197.15    7.4197E-01   -5.9397E-03   -8.6800E-02    2.8454E-02    1.0388E-02     0.25      6
 17138.571867   1.5009E+03   197.83    1.5150E+00   -9.1103E-03   -1.5849E-01    6.7429E-02    2.8474E-02     0.30      7
 12260.672261   1.4947E+03   198.28    2.9418E+00   -1.3864E-02   -2.7214E-01    1.6930E-01    8.1288E-02     0.38      8
  8788.120826   1.4861E+03   198.57    5.6816E+00   -2.1811E-02   -4.1454E-01    4.4468E-01    2.3140E-01     0.52      9
  6314.231429   1.4743E+03   198.77    1.0886E+01   -3.5024E-02   -4.8131E-01    1.1831E+00    6.2914E-01     0.71     10
  4548.590668   1.4580E+03   198.95    2.0659E+01   -5.4978E-02   -2.4496E-01    2.9624E+00    1.5565E+00     0.92     11
  3286.035597   1.4356E+03   193.34    3.8796E+01   -8.2555E-02    5.7451E-01    6.7200E+00    3.4649E+00     1.09     12
  2382.167982   1.4052E+03   187.24    7.1878E+01   -1.1890E-01    2.2496E+00    1.3943E+01    7.1256E+00     1.19     13
  1734.707970   1.3640E+03   184.93    1.3077E+02   -1.5807E-01    4.9616E+00    2.7014E+01    1.3959E+01     1.22     14
  1270.692116   1.3088E+03   185.75    2.3229E+02   -2.0108E-01    8.3800E+00    4.9478E+01    2.6509E+01     1.20     15
   938.047529   1.2358E+03   187.85    4.0004E+02   -2.6370E-01    1.2270E+01    8.7684E+01    4.9195E+01     1.16     16
   699.694607   1.1408E+03   189.33    6.7167E+02   -3.6385E-01    1.8042E+01    1.5359E+02    8.9303E+01     1.13     17
   529.139879   1.0171E+03   188.95    1.0559E+03   -5.4460E-01    2.9450E+01    2.6646E+02    1.5866E+02     1.12     18
   408.489720   8.6516E+02   185.66    1.4683E+03   -9.6431E-01    5.3613E+01    4.5130E+02    2.7466E+02     1.13     19
   323.795606   6.9542E+02   179.83    1.8319E+03   -1.8346E+00    9.5435E+01    7.2837E+02    4.4600E+02     1.15     20
   264.765161   5.1400E+02   160.40    2.0090E+03   -3.4607E+00    2.1726E+02    1.1639E+03    6.7073E+02     1.23     21
   227.533436   3.4886E+02   140.53    1.8115E+03   -4.0501E+00    3.1228E+02    1.5940E+03    9.0980E+02     1.24     22
   207.377853   2.3594E+02   126.91    1.4667E+03   -5.4132E+00    3.2248E+02    1.8655E+03    1.0776E+03     1.21     23
   195.693921   1.5915E+02    59.46    1.1058E+03   -1.2408E+01    5.8654E+02    2.3193E+03    1.2208E+03     1.34     24
   188.532696   1.0775E+02    -2.02    8.0653E+02   -1.9677E+01    8.0333E+02    2.6703E+03    1.3161E+03     1.43     25
   183.991663   7.2874E+01   -71.94    5.7178E+02   -3.0550E+01    1.1836E+03    3.1438E+03    1.3883E+03     1.60     26
   181.050063   4.9476E+01  -121.78    4.0398E+02   -4.7452E+01    1.6145E+03    3.6390E+03    1.4380E+03     1.80     27
   179.127078   3.3509E+01  -152.13    3.0335E+02   -8.0571E+01    2.1507E+03    4.2189E+03    1.4714E+03     2.04     28
   177.985994   2.2672E+01  -168.00    2.5522E+02   -1.3920E+02    2.7954E+03    4.8902E+03    1.4914E+03     2.33     29
   177.377650   1.5253E+01  -180.44    1.9843E+02   -2.5739E+02    3.6021E+03    5.7113E+03    1.5021E+03     2.71     30
   177.004796   1.0216E+01  -189.60    1.3312E+02   -3.7367E+02    4.6154E+03    6.7335E+03    1.5087E+03     3.18     31
   176.747274   6.9459E+00  -195.36    7.2412E+01   -3.9801E+02    5.7699E+03    7.8941E+03    1.5134E+03     3.72     32
   176.471624   4.7433E+00  -198.31    3.0910E+01   -3.9312E+02    6.8723E+03    9.0032E+03    1.5189E+03     4.23     33
   176.152889   3.2095E+00  -199.39    1.2574E+01   -3.9209E+02    7.7741E+03    9.9127E+03    1.5254E+03     4.64     34
   175.797213   2.1711E+00  -199.76    5.1339E+00   -3.9027E+02    8.3342E+03    1.0481E+04    1.5324E+03     4.88     35
   175.392943   1.4701E+00  -199.91    2.0434E+00   -3.8207E+02    8.9400E+03    1.1097E+04    1.5400E+03     5.14     36
   174.958373   1.0268E+00  -199.97    8.4109E-01   -3.7037E+02    1.0119E+04    1.2287E+04    1.5483E+03     5.67     37
   174.540928   7.6544E-01  -199.99    3.9614E-01   -3.5797E+02    1.1960E+04    1.4138E+04    1.5583E+03     6.49     38
   174.117042   5.9281E-01  -199.99    2.0259E-01   -3.3791E+02    1.4056E+04    1.6245E+04    1.5764E+03     7.42     39
   173.673137   4.7156E-01  -200.00    1.0883E-01   -3.0459E+02    1.6528E+04    1.8728E+04    1.6069E+03     8.51     40
   173.198003   3.8344E-01  -200.00    6.0391E-02   -2.5961E+02    1.8864E+04    2.1076E+04    1.6405E+03     9.53     41
   172.679976   3.1765E-01  -200.00    3.4682E-02   -2.2320E+02    2.1962E+04    2.4188E+04    1.6660E+03    10.87     42
   172.105808   2.6631E-01  -200.00    2.1005E-02   -2.1264E+02    2.4101E+04    2.6341E+04    1.6922E+03    11.76     43
   171.462798   2.2319E-01  -200.00    1.3519E-02   -2.1813E+02    2.5548E+04    2.7805E+04    1.7244E+03    12.32     44
   170.743244   1.8483E-01  -200.00    8.9693E-03   -2.3832E+02    2.6924E+04    2.9200E+04    1.7551E+03    12.83     45
   169.943437   1.5027E-01  -200.00    5.9134E-03   -2.4641E+02    2.3103E+04    2.5401E+04    1.7838E+03    11.05     46
   169.062090   1.1933E-01  -200.00    3.7920E-03   -2.6896E+02    2.3677E+04    2.5999E+04    1.8056E+03    11.20     47
   168.104280   9.2352E-02  -200.00    2.3319E-03   -3.5182E+02    2.0872E+04    2.3220E+04    1.8295E+03     9.89     48
   167.080361   6.9689E-02  -200.00    1.3753E-03   -3.7205E+02    1.2115E+04    1.4492E+04    1.8543E+03     6.10     49
   166.003788   5.1159E-02  -200.00    7.7545E-04   -3.2545E+02    1.2066E+04    1.4474E+04    1.8786E+03     6.01     50
   164.894172   3.6689E-02   196.42    4.1301E-04   -3.3465E+02   -3.7051E+04   -3.4610E+04    1.9036E+03   -14.18     51
   163.770273   2.6067E-02  -200.00    2.1035E-04   -4.0092E+02    2.3172E+04    2.5646E+04    1.9298E+03    10.37     52
   162.638725   1.8510E-02  -200.00    1.0535E-04   -5.0528E+02    2.2083E+04    2.4592E+04    1.9573E+03     9.80     53
   161.497843   1.3153E-02  -200.00    5.2725E-05   -5.5542E+02    1.6564E+04    1.9108E+04    1.9859E+03     7.51     54
   160.345264   9.3327E-03  -200.00    2.6293E-05   -5.7783E+02    1.6709E+04    1.9290E+04    2.0149E+03     7.47     55
   159.173979   6.6242E-03  -200.00    1.2817E-05   -6.3530E+02    1.8346E+04    2.0965E+04    2.0450E+03     8.00     56
   158.219843   5.0714E-03  -200.00    7.0649E-06   -8.5146E+02    1.9153E+04    2.1804E+04    2.0701E+03     8.23     57
   157.801492   4.5316E-03  -200.00    5.4372E-06   -1.3118E+03    1.6196E+04    1.8861E+04    2.0815E+03     7.08     58
   157.591519   4.2892E-03  -200.00    4.7844E-06   -2.8986E+03    8.6379E+04    8.9051E+04    2.0872E+03    33.33     59
   157.521386   4.2119E-03  -200.00    4.5886E-06   -1.9834E+04    9.1510E+02    3.5895E+03    2.0893E+03     1.34     60
  
 Momentum equation is: VdV/dr = - dPdR/ROH - dTPdR/ROH - g + g_RAD
         or          : VdV/dr = - dPdR/ROH - dTPdR/ROH + g_tot
  
 Error is 200.0D0*(VdVdR+dPdR_ON_ROH+dTPdR/ROH-g_TOT)/( ABS(VdVdR)+ ABS(dPdR_ON_ROH)+ ABS(dTPdR/ROH)+ ABS(g_TOT) )
  
 Gamma = g_rad/g [g=g_GRAV] 
  
          Photospheric radius is:     2.9597E+02(10^10 cm)    4.2525E+01(Rsun)
 Photospheric surface gravity is:     7.5751E+02 ( 2.8794)
    Specified surface gravity is:     1.0000E+00 ( 0.0000)
                   Stars mass is:    50.00 Msun
 Edd. fac. (e.s.) at photosphere:  0.70033
 Edd. fac. (e.s.) at inner bound:  0.78125
 Power law exponent at outer boundary (TYPE_ATM)= 2.006E+00

   I     V            100.00      150.00      200.00      227.83      258.90      300.00      504.25      911.75     1200.00     1500.00     2000.00100000000.00
   1   1.508E+03   5.529E-04   2.110E-06   2.959E-06   3.068E-06   3.753E-06   3.309E-06   3.210E-06   3.875E-06   1.284E-01   2.669E-01   2.117E-01   3.924E-01
                   1.737E-08   5.656E-12   3.591E-12   2.595E-12   2.416E-12   1.885E-12   8.064E-13   1.715E-13   1.511E-02   7.979E-02   1.130E-01   7.921E-01
                   9.666E+04   1.133E+06   2.502E+06   3.590E+06   4.719E+06   5.333E+06   1.209E+07   6.865E+07   2.582E+01   1.016E+01   5.688E+00   1.505E+00
   2   1.508E+03   5.466E-04   2.078E-06   2.919E-06   3.032E-06   3.701E-06   3.261E-06   3.153E-06   3.615E-06   1.284E-01   2.680E-01   2.111E-01   3.920E-01
                   1.725E-08   5.598E-12   3.560E-12   2.578E-12   2.393E-12   1.867E-12   7.970E-13   1.613E-13   1.511E-02   7.980E-02   1.130E-01   7.920E-01
                   9.614E+04   1.127E+06   2.488E+06   3.568E+06   4.693E+06   5.302E+06   1.201E+07   6.802E+07   2.577E+01   1.019E+01   5.667E+00   1.502E+00
   3   1.508E+03   5.265E-04   1.992E-06   2.810E-06   2.929E-06   3.557E-06   3.133E-06   3.022E-06   3.336E-06   1.282E-01   2.694E-01   2.104E-01   3.915E-01
                   1.677E-08   5.418E-12   3.462E-12   2.517E-12   2.321E-12   1.811E-12   7.723E-13   1.512E-13   1.511E-02   7.980E-02   1.130E-01   7.920E-01
                   9.525E+04   1.116E+06   2.463E+06   3.531E+06   4.648E+06   5.248E+06   1.187E+07   6.695E+07   2.573E+01   1.024E+01   5.646E+00   1.500E+00
   4   1.508E+03   4.925E-04   1.877E-06   2.656E-06   2.766E-06   3.358E-06   2.959E-06   2.865E-06   3.458E-06   1.274E-01   2.686E-01   2.092E-01   3.942E-01
                   1.588E-08   5.174E-12   3.322E-12   2.415E-12   2.224E-12   1.736E-12   7.429E-13   1.597E-13   1.512E-02   7.980E-02   1.130E-01   7.920E-01
                   9.327E+04   1.091E+06   2.404E+06   3.443E+06   4.539E+06   5.124E+06   1.159E+07   6.509E+07   2.535E+01   1.012E+01   5.565E+00   1.496E+00
   5   1.507E+03   4.319E-04   1.659E-06   2.364E-06   2.462E-06   2.983E-06   2.629E-06   2.564E-06   3.553E-06   1.248E-01   2.651E-01   2.068E-01   4.029E-01
                   1.425E-08   4.700E-12   3.047E-12   2.220E-12   2.035E-12   1.589E-12   6.846E-13   1.705E-13   1.512E-02   7.980E-02   1.130E-01   7.920E-01
                   8.876E+04   1.034E+06   2.272E+06   3.247E+06   4.293E+06   4.846E+06   1.097E+07   6.101E+07   2.416E+01   9.728E+00   5.357E+00   1.490E+00
   6   1.505E+03   3.250E-04   1.271E-06   1.836E-06   1.916E-06   2.316E-06   2.043E-06   2.028E-06   3.883E-06   1.175E-01   2.547E-01   2.003E-01   4.271E-01
                   1.136E-08   3.850E-12   2.551E-12   1.871E-12   1.700E-12   1.329E-12   5.820E-13   2.054E-13   1.513E-02   7.979E-02   1.130E-01   7.920E-01
                   7.838E+04   9.041E+05   1.972E+06   2.805E+06   3.732E+06   4.210E+06   9.544E+06   5.179E+07   2.127E+01   8.744E+00   4.855E+00   1.477E+00
   7   1.501E+03   1.833E-04   7.412E-07   1.101E-06   1.157E-06   1.402E-06   1.238E-06   1.285E-06   5.067E-06   1.002E-01   2.280E-01   1.830E-01   4.887E-01
                   7.514E-09   2.695E-12   1.869E-12   1.395E-12   1.257E-12   9.858E-13   4.489E-13   3.486E-13   1.516E-02   7.978E-02   1.130E-01   7.920E-01
                   5.776E+04   6.512E+05   1.395E+06   1.964E+06   2.640E+06   2.975E+06   6.781E+06   3.442E+07   1.566E+01   6.767E+00   3.834E+00   1.461E+00
   8   1.495E+03   1.020E-04   4.259E-07   6.507E-07   6.919E-07   8.473E-07   7.506E-07   8.434E-07   7.007E-06   8.088E-02   1.942E-01   1.633E-01   5.616E-01
                   5.250E-09   1.995E-12   1.453E-12   1.112E-12   1.008E-12   7.937E-13   3.854E-13   6.998E-13   1.519E-02   7.975E-02   1.130E-01   7.920E-01
                   4.048E+04   4.446E+05   9.325E+05   1.296E+06   1.750E+06   1.970E+06   4.558E+06   2.085E+07   1.109E+01   5.070E+00   3.009E+00   1.477E+00
   9   1.486E+03   5.438E-05   2.358E-07   3.738E-07   4.052E-07   5.052E-07   4.495E-07   5.624E-07   1.017E-05   6.223E-02   1.580E-01   1.448E-01   6.349E-01
                   3.720E-09   1.513E-12   1.174E-12   9.299E-13   8.622E-13   6.829E-13   3.635E-13   1.684E-12   1.525E-02   7.972E-02   1.130E-01   7.920E-01
                   2.809E+04   2.995E+05   6.119E+05   8.374E+05   1.126E+06   1.265E+06   2.973E+06   1.160E+07   7.843E+00   3.810E+00   2.463E+00   1.540E+00
  10   1.474E+03   2.873E-05   1.289E-07   2.120E-07   2.349E-07   2.997E-07   2.682E-07   4.052E-07   1.482E-05   4.768E-02   1.278E-01   1.301E-01   6.944E-01
                   2.682E-09   1.167E-12   9.701E-13   8.012E-13   7.701E-13   6.150E-13   3.841E-13   4.736E-12   1.533E-02   7.969E-02   1.130E-01   7.920E-01
                   2.015E+04   2.076E+05   4.109E+05   5.514E+05   7.319E+05   8.201E+05   1.984E+06   5.884E+06   5.850E+00   3.015E+00   2.166E+00   1.649E+00
  11   1.458E+03   1.615E-05   7.375E-08   1.240E-07   1.398E-07   1.821E-07   1.637E-07   3.101E-07   2.154E-05   3.860E-02   1.080E-01   1.211E-01   7.323E-01
                   1.961E-09   8.969E-13   7.872E-13   6.745E-13   6.754E-13   5.439E-13   4.166E-13   1.478E-11   1.545E-02   7.966E-02   1.130E-01   7.919E-01
                   1.568E+04   1.565E+05   2.998E+05   3.945E+05   5.132E+05   5.730E+05   1.417E+06   2.774E+06   4.757E+00   2.580E+00   2.039E+00   1.760E+00
  12   1.436E+03   1.004E-05   4.589E-08   7.753E-08   8.820E-08   1.168E-07   1.053E-07   2.528E-07   3.173E-05   3.401E-02   9.682E-02   1.163E-01   7.528E-01
                   1.453E-09   6.802E-13   6.144E-13   5.391E-13   5.610E-13   4.542E-13   4.355E-13   4.882E-11   1.562E-02   7.966E-02   1.132E-01   7.915E-01
                   1.340E+04   1.308E+05   2.447E+05   3.173E+05   4.039E+05   4.494E+05   1.126E+06   1.261E+06   4.223E+00   2.357E+00   1.993E+00   1.845E+00
  13   1.405E+03   6.852E-06   3.107E-08   5.214E-08   5.956E-08   8.035E-08   7.236E-08   2.266E-07   4.786E-05   3.194E-02   9.079E-02   1.133E-01   7.639E-01
                   1.096E-09   5.141E-13   4.667E-13   4.141E-13   4.482E-13   3.638E-13   4.464E-13   1.634E-10   1.587E-02   7.973E-02   1.135E-01   7.909E-01
                   1.224E+04   1.183E+05   2.186E+05   2.815E+05   3.508E+05   3.893E+05   9.932E+05   5.732E+05   3.937E+00   2.228E+00   1.953E+00   1.890E+00
  14   1.364E+03   5.000E-06   2.244E-08   3.728E-08   4.264E-08   5.869E-08   5.274E-08   2.119E-07   7.229E-05   3.127E-02   8.747E-02   1.110E-01   7.702E-01
                   8.381E-10   3.896E-13   3.508E-13   3.119E-13   3.523E-13   2.859E-13   4.418E-13   5.230E-10   1.624E-02   7.996E-02   1.139E-01   7.899E-01
                   1.154E+04   1.115E+05   2.057E+05   2.646E+05   3.224E+05   3.570E+05   9.284E+05   2.675E+05   3.726E+00   2.117E+00   1.886E+00   1.887E+00
  15   1.309E+03   3.880E-06   1.717E-08   2.814E-08   3.216E-08   4.570E-08   4.094E-08   2.175E-07   1.120E-04   3.073E-02   8.576E-02   1.096E-01   7.738E-01
                   6.555E-10   2.991E-13   2.645E-13   2.343E-13   2.798E-13   2.267E-13   4.521E-13   1.579E-09   1.675E-02   8.041E-02   1.146E-01   7.883E-01
                   1.105E+04   1.072E+05   1.985E+05   2.561E+05   3.048E+05   3.370E+05   8.977E+05   1.325E+05   3.424E+00   1.991E+00   1.785E+00   1.832E+00
  16   1.236E+03   3.146E-06   1.365E-08   2.197E-08   2.510E-08   3.740E-08   3.334E-08   2.598E-07   1.791E-04   2.958E-02   8.434E-02   1.097E-01   7.762E-01
                   5.332E-10   2.358E-13   2.029E-13   1.785E-13   2.309E-13   1.865E-13   5.304E-13   4.717E-09   1.744E-02   8.113E-02   1.156E-01   7.859E-01
                   1.052E+04   1.032E+05   1.930E+05   2.507E+05   2.887E+05   3.186E+05   8.729E+05   6.768E+04   3.023E+00   1.853E+00   1.692E+00   1.760E+00
  17   1.141E+03   2.987E-06   1.200E-08   1.767E-08   2.026E-08   3.580E-08   3.177E-08   4.062E-07   2.788E-04   2.804E-02   8.294E-02   1.124E-01   7.764E-01
                   5.288E-10   2.123E-13   1.634E-13   1.420E-13   2.315E-13   1.866E-13   8.504E-13   1.390E-08   1.832E-02   8.230E-02   1.171E-01   7.822E-01
                   9.713E+03   9.722E+04   1.860E+05   2.454E+05   2.660E+05   2.927E+05   8.215E+05   3.449E+04   2.633E+00   1.733E+00   1.650E+00   1.707E+00
  18   1.017E+03   4.093E-06   1.316E-08   1.615E-08   1.853E-08   5.152E-08   4.581E-08   1.244E-06   5.875E-04   2.687E-02   8.171E-02   1.171E-01   7.737E-01
                   8.719E-10   2.608E-13   1.584E-13   1.315E-13   3.999E-13   3.238E-13   3.104E-12   5.660E-08   1.944E-02   8.417E-02   1.195E-01   7.769E-01
                   7.883E+03   8.474E+04   1.712E+05   2.366E+05   2.164E+05   2.376E+05   6.731E+05   1.743E+04   2.321E+00   1.630E+00   1.646E+00   1.672E+00
  19   8.652E+02   8.436E-06   1.422E-08   1.342E-08   1.628E-08   1.136E-07   1.026E-07   4.020E-06   1.956E-03   2.861E-02   8.199E-02   1.263E-01   7.612E-01
                   3.298E-09   3.967E-13   1.538E-13   1.227E-13   1.652E-12   1.359E-12   1.941E-11   5.011E-07   2.106E-02   8.705E-02   1.225E-01   7.694E-01
                   4.202E+03   5.889E+04   1.433E+05   2.181E+05   1.130E+05   1.241E+05   3.403E+05   6.413E+03   2.232E+00   1.547E+00   1.694E+00   1.626E+00
  20   6.954E+02   7.699E-06   1.022E-08   9.253E-09   1.220E-08   1.261E-07   1.178E-07   6.322E-06   7.602E-03   3.886E-02   8.630E-02   1.453E-01   7.220E-01
                   6.663E-09   3.870E-13   1.210E-13   9.676E-14   4.320E-12   3.682E-12   8.034E-11   7.491E-06   2.445E-02   9.197E-02   1.262E-01   7.574E-01
                   1.887E+03   4.314E+04   1.249E+05   2.059E+05   4.766E+04   5.225E+04   1.285E+05   1.657E+03   2.596E+00   1.532E+00   1.880E+00   1.557E+00
  21   5.140E+02   4.819E-06   5.351E-09   4.758E-09   6.493E-09   7.926E-08   7.458E-08   9.293E-06   1.169E-02   5.200E-02   9.229E-02   1.793E-01   6.647E-01
                   6.478E-09   2.399E-13   6.857E-14   5.586E-14   4.573E-12   3.958E-12   2.234E-10   4.745E-05   2.948E-02   1.006E-01   1.285E-01   7.414E-01
                   1.291E+03   3.870E+04   1.204E+05   2.017E+05   3.008E+04   3.270E+04   7.218E+04   4.277E+02   3.061E+00   1.593E+00   2.421E+00   1.556E+00
  22   3.489E+02  -1.236E-06  -1.540E-09  -4.786E-10  -1.537E-09  -1.455E-08  -1.264E-08   6.540E-07   7.020E-04   4.388E-02   1.026E-01   1.849E-01   6.679E-01
                  -1.872E-09  -7.375E-14  -8.273E-15  -1.287E-14  -1.024E-12  -8.415E-13   2.238E-11   6.159E-06   3.494E-02   1.149E-01   1.310E-01   7.192E-01
                   1.157E+03   3.658E+04   1.014E+05   2.093E+05   2.489E+04   2.632E+04   5.120E+04   1.997E+02   2.200E+00   1.565E+00   2.473E+00   1.627E+00
  23   2.359E+02  -2.415E-06  -2.863E-09  -2.921E-09  -3.684E-09  -4.039E-08  -3.807E-08   3.431E-06   7.398E-03   5.146E-02   9.801E-02   1.518E-01   6.913E-01
                  -1.449E-09  -9.820E-14  -3.755E-14  -3.031E-14  -9.045E-13  -7.728E-13   2.640E-11   1.255E-05   4.568E-02   1.273E-01   1.438E-01   6.832E-01
                   2.885E+03   5.047E+04   1.347E+05   2.104E+05   7.730E+04   8.528E+04   2.250E+05   1.021E+03   1.950E+00   1.332E+00   1.828E+00   1.752E+00
  24   1.592E+02  -9.423E-07  -2.374E-09  -2.793E-09  -3.255E-09  -1.237E-08  -1.113E-08   6.424E-06   7.093E-03   6.546E-02   1.060E-01   1.844E-01   6.370E-01
                  -8.961E-10  -1.025E-13  -4.175E-14  -3.034E-14  -4.776E-13  -3.983E-13   9.348E-11   2.152E-05   5.994E-02   1.432E-01   1.565E-01   6.404E-01
                   1.998E+03   4.398E+04   1.271E+05   2.038E+05   4.918E+04   5.309E+04   1.305E+05   6.260E+02   2.075E+00   1.407E+00   2.239E+00   1.890E+00
  25   1.077E+02  -8.846E-07  -1.770E-09  -1.886E-09  -2.187E-09  -1.212E-08  -1.099E-08   1.615E-05   1.147E-02   7.456E-02   1.126E-01   1.862E-01   6.151E-01
                  -9.380E-10  -8.301E-14  -3.039E-14  -2.179E-14  -5.222E-13  -4.374E-13   2.644E-10   3.462E-05   7.501E-02   1.603E-01   1.680E-01   5.967E-01
                   1.913E+03   4.326E+04   1.259E+05   2.036E+05   4.708E+04   5.099E+04   1.239E+05   6.721E+02   2.017E+00   1.425E+00   2.249E+00   2.092E+00
  26   7.287E+01  -2.380E-07  -4.530E-10  -4.808E-10  -5.600E-10  -3.367E-09  -2.319E-09   4.043E-05   1.972E-02   8.632E-02   1.191E-01   2.014E-01   5.734E-01
                  -3.904E-10  -2.594E-14  -8.935E-15  -6.321E-15  -2.386E-13  -1.604E-13   1.202E-09   8.016E-05   9.118E-02   1.781E-01   1.787E-01   5.519E-01
                   1.380E+03   3.954E+04   1.219E+05   2.006E+05   3.196E+04   3.273E+04   7.618E+04   5.572E+02   2.144E+00   1.514E+00   2.553E+00   2.353E+00
  27   4.948E+01  -3.581E-08  -4.898E-11  -4.710E-11  -5.784E-11  -5.422E-10   2.388E-09   8.065E-05   2.794E-02   9.691E-02   1.271E-01   2.121E-01   5.359E-01
                  -8.860E-11  -3.360E-15  -1.005E-15  -7.342E-16  -6.166E-14   2.141E-13   4.458E-09   1.491E-04   1.085E-01   1.983E-01   1.870E-01   5.061E-01
                   1.023E+03   3.690E+04   1.187E+05   1.993E+05   2.225E+04   2.823E+04   4.578E+04   4.741E+02   2.260E+00   1.622E+00   2.870E+00   2.680E+00
  28   3.351E+01  -1.248E-09  -1.652E-12  -1.631E-12   2.519E-13   1.322E-10   9.167E-09   1.483E-04   3.737E-02   1.080E-01   1.352E-01   2.209E-01   4.984E-01
                  -4.267E-12  -1.328E-16  -3.977E-17   1.754E-18   2.278E-14   1.285E-12   1.430E-08   2.531E-04   1.275E-01   2.200E-01   1.933E-01   4.589E-01
                   8.387E+02   3.568E+04   1.176E+05   4.119E+05   1.664E+04   2.046E+04   2.975E+04   4.234E+02   2.429E+00   1.762E+00   3.276E+00   3.114E+00
  29   2.267E+01  -1.424E-11  -1.636E-14   8.976E-14   1.097E-11   5.023E-10   2.276E-08   2.440E-04   4.657E-02   1.174E-01   1.420E-01   2.257E-01   4.681E-01
                  -6.337E-14  -1.532E-18   1.889E-18   1.744E-16   1.153E-13   4.345E-12   3.610E-08   3.732E-04   1.470E-01   2.412E-01   1.971E-01   4.143E-01
                   7.368E+02   3.502E+04   1.558E+05   2.062E+05   1.428E+04   1.717E+04   2.216E+04   4.092E+02   2.619E+00   1.930E+00   3.753E+00   3.705E+00
  30   1.525E+01  -2.545E-14  -2.544E-17   3.425E-13   2.734E-11   1.144E-09   4.620E-08   3.608E-04   5.510E-02   1.242E-01   1.467E-01   2.269E-01   4.467E-01
                  -1.645E-16  -2.788E-21   8.861E-18   5.052E-16   3.271E-13   1.107E-11   7.110E-08   4.834E-04   1.658E-01   2.608E-01   1.994E-01   3.736E-01
                   5.883E+02   3.469E+04   1.470E+05   2.057E+05   1.329E+04   1.588E+04   1.930E+04   4.334E+02   2.849E+00   2.138E+00   4.327E+00   4.547E+00
  31   1.022E+01  -7.469E-18   7.366E-18   9.523E-13   6.705E-11   2.514E-09   8.988E-08   5.144E-04   6.460E-02   1.313E-01   1.514E-01   2.273E-01   4.248E-01
                  -6.426E-19   4.759E-22   2.900E-17   1.458E-15   8.868E-13   2.668E-11   1.307E-07   6.119E-04   1.862E-01   2.806E-01   2.002E-01   3.325E-01
                   5.188E+01   6.908E+04   1.466E+05   2.052E+05   1.265E+04   1.504E+04   1.757E+04   4.712E+02   3.147E+00   2.408E+00   5.069E+00   5.703E+00
  32   6.946E+00  -1.285E-19   3.233E-17   2.903E-12   1.734E-10   5.782E-09   1.804E-07   7.546E-04   7.658E-02   1.397E-01   1.575E-01   2.263E-01   3.992E-01
                  -2.559E-20   2.446E-21   1.037E-16   4.422E-15   2.546E-12   6.734E-11   2.550E-07   8.049E-04   2.098E-01   3.009E-01   1.975E-01   2.910E-01
                   2.620E+01   6.893E+04   1.459E+05   2.045E+05   1.184E+04   1.397E+04   1.544E+04   4.963E+02   3.473E+00   2.730E+00   5.975E+00   7.156E+00
  33   4.743E+00  -1.962E-21   3.872E-16   1.626E-11   7.449E-10   2.040E-08   5.165E-07   1.294E-03   9.544E-02   1.565E-01   1.686E-01   2.235E-01   3.547E-01
                  -6.142E-22   3.364E-20   6.658E-16   2.172E-14   1.217E-11   2.671E-10   7.171E-07   1.247E-03   2.464E-01   3.248E-01   1.868E-01   2.407E-01
                   1.893E+01   6.822E+04   1.448E+05   2.033E+05   9.939E+03   1.146E+04   1.069E+04   4.537E+02   3.765E+00   3.076E+00   7.092E+00   8.733E+00
  34   3.209E+00   9.484E-24   9.535E-15   1.561E-10   5.076E-09   1.092E-07   2.096E-06   2.561E-03   1.262E-01   1.795E-01   1.780E-01   2.126E-01   3.011E-01
                  -8.130E-24   9.196E-19   7.090E-15   1.636E-13   9.829E-11   1.718E-09   2.926E-06   2.324E-03   2.976E-01   3.413E-01   1.675E-01   1.912E-01
                  -7.581E+00   6.738E+04   1.431E+05   2.016E+05   7.221E+03   7.929E+03   5.686E+03   3.530E+02   3.919E+00   3.390E+00   8.246E+00   1.023E+01
  35   2.171E+00   5.908E-21   3.030E-13   1.869E-09   4.213E-08   6.739E-07   9.773E-06   5.605E-03   1.716E-01   2.011E-01   1.801E-01   1.924E-01   2.491E-01
                   1.740E-24   3.112E-17   9.047E-14   1.442E-12   1.058E-09   1.574E-08   1.494E-05   4.768E-03   3.535E-01   3.430E-01   1.489E-01   1.498E-01
                   2.322E+04   6.660E+04   1.413E+05   1.998E+05   4.357E+03   4.248E+03   2.565E+03   2.462E+02   3.891E+00   3.591E+00   8.842E+00   1.137E+01
  36   1.470E+00   1.201E-18   9.584E-12   2.321E-08   3.638E-07   3.993E-06   4.338E-05   1.241E-02   2.322E-01   2.163E-01   1.720E-01   1.676E-01   1.995E-01
                   3.905E-22   1.049E-15   1.201E-12   1.323E-11   1.178E-08   1.726E-07   8.436E-05   1.032E-02   4.087E-01   3.266E-01   1.360E-01   1.183E-01
                   2.217E+04   6.584E+04   1.393E+05   1.981E+05   2.443E+03   1.811E+03   1.060E+03   1.622E+02   3.814E+00   3.795E+00   8.879E+00   1.215E+01
  37   1.027E+00   1.183E-16   2.017E-10   2.215E-07   2.519E-06   2.078E-05   1.653E-04   2.538E-02   2.988E-01   2.209E-01   1.570E-01   1.420E-01   1.557E-01
                   4.272E-20   2.464E-14   1.284E-11   1.019E-10   9.895E-08   1.465E-06   4.481E-04   2.204E-02   4.536E-01   3.001E-01   1.265E-01   9.740E-02
                   2.198E+04   6.496E+04   1.369E+05   1.961E+05   1.667E+03   8.954E+02   4.495E+02   1.076E+02   3.864E+00   4.151E+00   8.912E+00   1.269E+01
  38   7.654E-01   4.882E-15   2.350E-09   1.366E-06   1.252E-05   8.108E-05   5.305E-04   4.709E-02   3.556E-01   2.152E-01   1.398E-01   1.197E-01   1.220E-01
                   2.066E-18   3.379E-13   9.343E-11   5.930E-10   5.843E-07   8.589E-06   1.951E-03   4.220E-02   4.833E-01   2.698E-01   1.182E-01   8.454E-02
                   2.144E+04   6.312E+04   1.327E+05   1.916E+05   1.259E+03   5.604E+02   2.190E+02   7.645E+01   4.039E+00   4.702E+00   9.184E+00   1.310E+01
  39   5.928E-01   9.582E-14   1.836E-08   6.884E-06   4.771E-05   2.539E-04   1.331E-03   7.257E-02   3.944E-01   2.059E-01   1.253E-01   1.019E-01   9.828E-02
                   5.018E-17   3.274E-12   5.872E-10   2.804E-09   3.064E-06   4.054E-05   6.261E-03   7.079E-02   5.022E-01   2.371E-01   1.095E-01   7.404E-02
                   1.968E+04   5.781E+04   1.208E+05   1.753E+05   8.538E+02   3.383E+02   1.194E+02   5.741E+01   4.224E+00   5.447E+00   9.591E+00   1.368E+01
  40   4.716E-01   1.079E-12   1.009E-07   2.202E-05   1.247E-04   5.649E-04   2.579E-03   1.010E-01   4.239E-01   1.927E-01   1.109E-01   8.696E-02   8.124E-02
                   7.768E-16   2.495E-11   2.628E-09   1.017E-08   1.162E-05   1.395E-04   1.614E-02   1.047E-01   5.074E-01   2.080E-01   9.995E-02   6.375E-02
                   1.618E+04   4.711E+04   9.763E+04   1.429E+05   5.665E+02   2.154E+02   7.294E+01   4.721E+01   4.426E+00   6.216E+00   1.014E+01   1.485E+01
  41   3.834E-01   5.340E-12   2.778E-07   4.599E-05   2.306E-04   9.437E-04   3.880E-03   1.213E-01   4.418E-01   1.827E-01   1.010E-01   7.742E-02   7.070E-02
                   5.501E-15   9.889E-11   7.991E-09   2.724E-08   3.019E-05   3.198E-04   3.047E-02   1.348E-01   5.011E-01   1.876E-01   9.093E-02   5.473E-02
                   1.247E+04   3.609E+04   7.395E+04   1.087E+05   4.016E+02   1.559E+02   5.113E+01   4.210E+01   4.684E+00   6.914E+00   1.094E+01   1.660E+01
  42   3.177E-01   2.047E-11   6.361E-07   8.247E-05   3.724E-04   1.420E-03   5.423E-03   1.453E-01   4.535E-01   1.709E-01   9.205E-02   6.941E-02   6.156E-02
                   2.911E-14   3.149E-10   2.016E-08   6.164E-08   6.338E-05   6.092E-04   4.954E-02   1.589E-01   4.866E-01   1.738E-01   8.298E-02   4.746E-02
                   1.021E+04   2.933E+04   5.939E+04   8.771E+04   3.252E+02   1.292E+02   4.259E+01   4.144E+01   5.098E+00   7.687E+00   1.214E+01   1.883E+01
  43   2.663E-01   7.346E-11   1.374E-06   1.393E-04   5.654E-04   2.032E-03   7.274E-03   1.645E-01   4.521E-01   1.645E-01   8.693E-02   6.472E-02   5.726E-02
                   1.415E-13   9.293E-10   4.731E-08   1.294E-07   1.226E-04   1.071E-03   7.251E-02   1.742E-01   4.703E-01   1.626E-01   7.698E-02   4.220E-02
                   8.081E+03   2.302E+04   4.584E+04   6.800E+04   2.582E+02   1.057E+02   3.532E+01   4.039E+01   5.444E+00   8.321E+00   1.309E+01   2.112E+01
  44   2.232E-01   3.465E-10   3.576E-06   2.734E-04   9.781E-04   3.101E-03   1.005E-02   1.880E-01   4.558E-01   1.542E-01   7.954E-02   5.786E-02   5.018E-02
                   1.026E-12   3.785E-09   1.513E-07   3.641E-07   2.850E-04   2.122E-03   1.143E-01   2.022E-01   4.337E-01   1.448E-01   6.774E-02   3.486E-02
                   5.443E+03   1.523E+04   2.913E+04   4.331E+04   1.755E+02   7.632E+01   2.653E+01   3.634E+01   5.735E+00   8.855E+00   1.377E+01   2.321E+01
  45   1.848E-01   2.534E-09   1.358E-05   7.129E-04   2.155E-03   6.057E-03   1.681E-02   2.440E-01   4.532E-01   1.287E-01   6.381E-02   4.608E-02   3.849E-02
                   1.264E-11   2.498E-08   7.464E-07   1.520E-06   9.514E-04   5.596E-03   2.078E-01   2.385E-01   3.538E-01   1.144E-01   5.346E-02   2.535E-02
                   3.337E+03   9.044E+03   1.589E+04   2.358E+04   1.059E+02   4.998E+01   1.953E+01   3.161E+01   6.052E+00   9.277E+00   1.434E+01   2.526E+01
  46   1.503E-01   1.227E-08   3.178E-05   1.167E-03   3.018E-03   8.013E-03   2.193E-02   2.623E-01   4.349E-01   1.270E-01   6.194E-02   4.287E-02   3.683E-02
                   9.666E-11   1.002E-07   2.585E-06   4.642E-06   2.198E-03   1.055E-02   2.727E-01   2.533E-01   3.016E-01   9.531E-02   4.458E-02   1.975E-02
                   1.807E+03   4.515E+03   6.432E+03   9.258E+03   5.190E+01   2.961E+01   1.370E+01   2.445E+01   5.996E+00   9.254E+00   1.369E+01   2.655E+01
  47   1.193E-01   9.405E-08   1.153E-04   3.092E-03   6.783E-03   1.457E-02   3.279E-02   3.047E-01   4.165E-01   1.074E-01   5.043E-02   3.484E-02   2.875E-02
                   9.678E-10   5.081E-07   1.106E-05   1.733E-05   5.498E-03   2.053E-02   3.578E-01   2.593E-01   2.364E-01   7.266E-02   3.395E-02   1.378E-02
                   1.399E+03   3.269E+03   4.024E+03   5.638E+03   3.815E+01   2.300E+01   1.226E+01   2.312E+01   6.542E+00   9.995E+00   1.478E+01   3.005E+01
  48   9.235E-02   1.775E-06   7.742E-04   1.131E-02   1.881E-02   3.292E-02   6.026E-02   3.836E-01   3.515E-01   7.109E-02   3.194E-02   2.114E-02   1.669E-02
                   2.327E-08   5.347E-06   8.152E-05   1.047E-04   1.906E-02   5.294E-02   5.006E-01   2.352E-01   1.291E-01   3.860E-02   1.785E-02   6.536E-03
                   9.681E+02   1.838E+03   1.761E+03   2.279E+03   2.192E+01   1.445E+01   9.726E+00   1.897E+01   6.991E+00   1.050E+01   1.503E+01   3.240E+01
  49   6.969E-02   7.755E-06   1.449E-03   1.422E-02   1.883E-02   3.450E-02   6.514E-02   3.696E-01   3.451E-01   7.657E-02   3.378E-02   2.259E-02   1.826E-02
                   9.856E-08   2.355E-05   2.566E-04   2.916E-04   3.035E-02   7.497E-02   5.442E-01   2.112E-01   9.371E-02   2.779E-02   1.275E-02   4.506E-03
                   6.150E+02   4.808E+02   4.330E+02   5.047E+02   8.883E+00   6.791E+00   5.308E+00   1.277E+01   6.386E+00   9.502E+00   1.385E+01   3.167E+01
  50   5.116E-02   2.034E-05   3.115E-03   2.857E-02   3.673E-02   5.975E-02   9.035E-02   4.244E-01   2.789E-01   4.194E-02   1.733E-02   1.090E-02   8.003E-03
                   2.756E-07   6.928E-05   7.020E-04   7.694E-04   6.501E-02   1.234E-01   5.940E-01   1.570E-01   4.077E-02   1.177E-02   4.984E-03   1.588E-03
                   5.686E+02   3.464E+02   3.136E+02   3.678E+02   7.081E+00   5.643E+00   5.505E+00   1.369E+01   7.926E+00   1.135E+01   1.686E+01   3.883E+01
  51   3.669E-02   2.161E-04   7.111E-02   4.496E-01   4.349E-01   2.564E-01   2.403E-01   1.295E-01  -3.290E-01  -1.383E-01  -6.485E-02  -3.012E-02  -1.977E-02
                  -6.415E-06  -2.656E-03  -1.854E-02  -1.458E-02  -3.898E-01  -2.336E-01   9.645E-01   3.389E-01   2.543E-01   7.147E-02   2.351E-02   6.477E-03
                   6.124E+02   4.869E+02   4.408E+02   5.422E+02   1.196E+01   1.870E+01  -2.442E+00   1.765E+01   9.887E+00   1.650E+01   2.329E+01   5.549E+01
  52   2.607E-02   4.516E-05   5.336E-03   3.698E-02   4.126E-02   5.873E-02   9.162E-02   4.045E-01   2.702E-01   4.765E-02   2.028E-02   1.314E-02   1.017E-02
                   1.002E-06   1.449E-04   1.022E-03   9.214E-04   6.529E-02   1.307E-01   5.892E-01   1.465E-01   4.554E-02   1.328E-02   5.569E-03   1.821E-03
                   5.987E+02   4.893E+02   4.809E+02   5.951E+02   1.196E+01   9.315E+00   9.124E+00   2.452E+01   1.391E+01   2.030E+01   3.135E+01   7.422E+01
  53   1.851E-02   2.048E-04   1.256E-02   6.596E-02   6.317E-02   8.052E-02   1.131E-01   3.888E-01   2.126E-01   3.360E-02   1.400E-02   8.804E-03   6.709E-03
                   5.092E-06   5.716E-04   3.040E-03   2.227E-03   1.093E-01   1.798E-01   5.617E-01   1.068E-01   2.532E-02   7.323E-03   2.954E-03   9.412E-04
                   5.054E+02   2.760E+02   2.727E+02   3.564E+02   9.252E+00   7.903E+00   8.697E+00   2.502E+01   1.667E+01   2.402E+01   3.745E+01   8.956E+01
  54   1.315E-02   8.335E-04   2.474E-02   8.716E-02   7.014E-02   8.793E-02   1.123E-01   3.720E-01   1.874E-01   3.060E-02   1.258E-02   8.099E-03   6.182E-03
                   2.360E-05   2.524E-03   8.951E-03   5.014E-03   1.481E-01   2.077E-01   5.179E-01   8.519E-02   1.709E-02   4.911E-03   1.931E-03   6.062E-04
                   3.399E+02   9.431E+01   9.369E+01   1.346E+02   5.712E+00   5.201E+00   6.912E+00   2.117E+01   1.722E+01   2.465E+01   4.036E+01   9.813E+01
  55   9.333E-03   2.572E-03   4.894E-02   1.302E-01   9.068E-02   1.037E-01   1.228E-01   3.281E-01   1.365E-01   1.976E-02   7.969E-03   4.980E-03   3.746E-03
                   9.433E-05   7.920E-03   2.053E-02   9.707E-03   1.957E-01   2.440E-01   4.501E-01   5.896E-02   9.137E-03   2.612E-03   9.795E-04   3.014E-04
                   2.610E+02   5.916E+01   6.073E+01   8.943E+01   5.073E+00   4.819E+00   6.979E+00   2.216E+01   2.070E+01   2.921E+01   4.867E+01   1.190E+02
  56   6.624E-03   6.443E-03   7.979E-02   1.654E-01   1.005E-01   1.026E-01   1.145E-01   2.903E-01   1.124E-01   1.532E-02   6.104E-03   3.798E-03   2.833E-03
                   3.431E-04   2.088E-02   3.820E-02   1.574E-02   2.096E-01   2.508E-01   4.071E-01   4.841E-02   6.256E-03   1.790E-03   6.554E-04   1.990E-04
                   1.925E+02   3.917E+01   4.440E+01   6.549E+01   5.017E+00   4.679E+00   7.309E+00   2.381E+01   2.510E+01   3.497E+01   5.940E+01   1.460E+02
  57   5.071E-03   1.724E-02   1.347E-01   2.041E-01   1.085E-01   1.010E-01   1.040E-01   2.304E-01   8.051E-02   1.073E-02   4.233E-03   2.625E-03   1.954E-03
                   1.513E-03   6.066E-02   6.792E-02   2.450E-02   2.198E-01   2.491E-01   3.357E-01   3.520E-02   4.000E-03   1.136E-03   4.110E-04   1.241E-04
                   1.201E+02   2.338E+01   3.165E+01   4.664E+01   4.840E+00   4.400E+00   7.228E+00   2.409E+01   2.827E+01   3.924E+01   6.726E+01   1.659E+02
  58   4.532E-03   3.296E-02   1.719E-01   2.216E-01   1.065E-01   9.509E-02   9.431E-02   1.977E-01   6.459E-02   8.430E-03   3.311E-03   2.046E-03   1.518E-03
                   5.004E-03   1.228E-01   9.856E-02   3.230E-02   2.077E-01   2.241E-01   2.781E-01   2.754E-02   2.806E-03   7.866E-04   2.828E-04   8.498E-05
                   5.970E+01   1.269E+01   2.037E+01   2.989E+01   4.149E+00   3.814E+00   6.442E+00   2.125E+01   2.722E+01   3.814E+01   6.556E+01   1.619E+02
  59   4.289E-03   2.062E-01   1.881E-01   5.698E-01   1.684E-02   7.156E-03   3.235E-03   5.664E-03   1.758E-03   1.071E-03   6.767E-05   4.079E-05   2.953E-05
                   3.420E-01   3.533E-01   1.400E-01   3.426E-02   4.559E-02   3.788E-02   4.238E-02   4.060E-03   3.021E-04   7.977E-05   2.882E-05   8.553E-06
                   2.572E+01   2.271E+01   1.736E+02   2.097E+01   6.698E+00   3.644E+00   5.703E+00   1.848E+01   1.512E+02   3.620E+01   6.040E+01   1.473E+02
  60   4.212E-03   2.540E-01   3.232E-01   1.865E-01   6.141E-02   4.700E-02   4.030E-02   6.674E-02   1.720E-02   2.072E-03   7.994E-04   4.882E-04   3.585E-04
                   3.478E-01   3.569E-01   1.406E-01   3.425E-02   4.290E-02   3.485E-02   3.867E-02   3.700E-03   2.650E-04   6.936E-05   2.509E-05   7.431E-06
                   1.255E+00   1.556E+00   2.279E+00   3.080E+00   1.882E+00   1.986E+00   2.965E+00   7.987E+00   1.344E+01   1.980E+01   3.343E+01   8.288E+01
