ISS (ZARYA)             
1 25544U 98067A   23327.34619826  .00029136  00000+0  52397-3 0  9995
2 25544  51.6432 260.2230 0000586 338.4061 165.7726 15.49598018426479
ISS DEB                 
1 47853U 98067RZ  23327.03994098  .00085025  00000+0  38618-3 0  9994
2 47853  51.6281 202.8898 0003916 144.6444 215.4819 15.83141524153839
CSS (TIANHE)            
1 48274U 21035A   23327.13371882  .00051657  00000+0  56664-3 0  9999
2 48274  41.4711 268.1088 0006332 206.4702 153.5815 15.62355868146685
ISS (NAUKA)             
1 49044U 21066A   23326.37902759  .00015524  00000+0  28411-3 0  9999
2 49044  51.6430 265.0063 0000722 332.5473 172.7453 15.49527244426321
FREGAT DEB              
1 49271U 11037PF  23327.05668128  .00038410  00000+0  84097-1 0  9992
2 49271  51.6493 217.7591 1015853  45.7589 322.2248 12.10000438110077
CSS (WENTIAN)           
1 53239U 22085A   23326.49448275  .00042564  00000+0  46942-3 0  9996
2 53239  41.4709 272.0080 0006085 202.7321 157.3250 15.62285276146585
CSS (MENGTIAN)          
1 54216U 22143A   23326.49448275  .00042564  00000+0  46942-3 0  9997
2 54216  41.4709 272.0080 0006085 202.7321 157.3250 15.62285276146581
ISS DEB (SPX-26 IPA FSE)
1 55448U 98067VB  23327.13919069  .00288999  42406-4  87260-3 0  9992
2 55448  51.6272 228.9783 0003314 129.3323 230.7978 15.91677273 46255
NEUDOSE                 
1 56315U 98067VG  23327.15943523  .01508569  16542-2  14375-2 0  9995
2 56315  51.6172 236.5486 0006173 177.9586 182.1455 16.11532228 33326
ISS DEB                 
1 56434U 98067VJ  23327.14309714  .00390377  00000+0  12806-2 0  9995
2 56434  51.6281 241.8249 0004679 128.1448 231.9979 15.88986362 31821
TIANZHOU-6              
1 56446U 23063A   23326.49448275  .00042564  00000+0  46942-3 0  9996
2 56446  41.4709 272.0080 0006085 202.7321 157.3250 15.62285276146588
PROGRESS-MS 23          
1 56740U 23071A   23326.37902759  .00015524  00000+0  28411-3 0  9998
2 56740  51.6430 265.0063 0000722 332.5473 172.7453 15.49527244426322
ISS DEB                 
1 57212U 98067VP  23327.07442446  .00062725  00000+0  71384-3 0  9992
2 57212  51.6358 255.7152 0000287 328.5899  31.5077 15.61677376 23440
1998-067VQ              
1 57312U 98067VQ  23327.06860062  .00237083  00000+0  14237-2 0  9994
2 57312  51.6332 251.1544 0007641 109.5944 250.5881 15.76480715 21806
1998-067VR              
1 57313U 98067VR  23326.99127031  .00163101  00000+0  12322-2 0  9990
2 57313  51.6329 252.8950 0006904 109.7470 250.4273 15.71384400 21789
1998-067VT              
1 57315U 98067VT  23326.99080392  .00254377  00000+0  15048-2 0  9994
2 57315  51.6319 251.3707 0007554 107.0898 253.0930 15.76771467 21801
MOONLIGHTER             
1 57316U 98067VU  23326.78277692  .00090015  00000+0  83161-3 0  9992
2 57316  51.6335 253.7538 0003341  57.4421 302.6897 15.66804450 21742
1998-067VV              
1 57317U 98067VV  23327.03711799  .01335338  10549-2  19338-2 0  9990
2 57317  51.6280 245.6342 0007906 151.6780 208.4663 16.04810512 21878
MAYA-5                  
1 57419U 98067VW  23327.05143101  .00618837  16081-3  19517-2 0  9995
2 57419  51.6258 248.7210 0007142 139.9897 220.1636 15.90703120 19849
MAYA-6                  
1 57420U 98067VX  23327.08117759  .00577332  00000+0  18941-2 0  9994
2 57420  51.6237 248.9143 0007079 137.5734 222.5819 15.88535440 19842
CYGNUS NG-19            
1 57488U 23110A   23326.37902759  .00015524  00000+0  28411-3 0  9992
2 57488  51.6430 265.0063 0000722 332.5473 172.7453 15.49527244426322
PROGRESS-MS 24          
1 57691U 23125A   23326.37902759  .00015524  00000+0  28411-3 0  9994
2 57691  51.6430 265.0063 0000722 332.5473 172.7453 15.49527244426328
CREW DRAGON 7           
1 57697U 23128A   23326.37902759  .00015524  00000+0  28411-3 0  9993
2 57697  51.6430 265.0063 0000722 332.5473 172.7453 15.49527244426324
SOYUZ-MS 24             
1 57862U 23143A   23326.37902759  .00015524  00000+0  28411-3 0  9994
2 57862  51.6430 265.0063 0000722 332.5473 172.7453 15.49527244426328
SHENZHOU-17 (SZ-17)     
1 58146U 23164A   23326.49448275  .00042564  00000+0  46942-3 0  9997
2 58146  41.4709 272.0080 0006085 202.7321 157.3250 15.62285276146587
ISS DEB                 
1 58174U 98067WA  23327.08963817  .00094837  00000+0  14419-2 0  9995
2 58174  51.6394 261.0619 0003507 144.5148 215.6076 15.53757988  4427
ISS DEB                 
1 58229U 98067WC  23327.04459963  .00054087  00000+0  88824-3 0  9999
2 58229  51.6397 261.5109 0002196 143.2869 216.8272 15.51868637  3207
DRAGON CRS-29           
1 58255U 23173A   23326.37902759  .00015524  00000+0  28411-3 0  9994
2 58255  51.6430 265.0063 0000722 332.5473 172.7453 15.49527244426325
